p wcnf 42 172 100000000000000000
100000000000000000 -1 -2 -3 -4 0
100000000000000000 -1 -2 -5 -6 0
100000000000000000 -1 -2 -7 -8 0
100000000000000000 -1 -2 -9 -10 0
100000000000000000 -1 -2 -11 -12 0
100000000000000000 -1 -3 0
100000000000000000 -1 -5 0
100000000000000000 -1 -7 0
100000000000000000 -1 -9 0
100000000000000000 -1 -11 0
100000000000000000 -1 -13 -3 -14 0
100000000000000000 -1 -13 -5 -15 0
100000000000000000 -1 -13 -7 -16 0
100000000000000000 -1 -13 -9 -17 0
100000000000000000 -1 -13 -11 -18 0
100000000000000000 -1 -3 0
100000000000000000 -1 -5 0
100000000000000000 -1 -7 0
100000000000000000 -1 -9 0
100000000000000000 -1 -11 0
100000000000000000 -19 -4 -20 -2 0
100000000000000000 -19 -4 -21 -6 0
100000000000000000 -19 -4 -22 -8 0
100000000000000000 -19 -4 -23 -10 0
100000000000000000 -19 -4 -24 -12 0
100000000000000000 -19 -20 0
100000000000000000 -19 -21 0
100000000000000000 -19 -22 0
100000000000000000 -19 -23 0
100000000000000000 -19 -24 0
100000000000000000 -19 -14 -20 -13 0
100000000000000000 -19 -14 -21 -15 0
100000000000000000 -19 -14 -22 -16 0
100000000000000000 -19 -14 -23 -17 0
100000000000000000 -19 -14 -24 -18 0
100000000000000000 -19 -20 0
100000000000000000 -19 -21 0
100000000000000000 -19 -22 0
100000000000000000 -19 -23 0
100000000000000000 -19 -24 0
100000000000000000 -25 -6 -26 -2 0
100000000000000000 -25 -6 -27 -4 0
100000000000000000 -25 -6 -28 -8 0
100000000000000000 -25 -6 -29 -10 0
100000000000000000 -25 -6 -30 -12 0
100000000000000000 -25 -26 0
100000000000000000 -25 -27 0
100000000000000000 -25 -28 0
100000000000000000 -25 -29 0
100000000000000000 -25 -30 0
100000000000000000 -25 -15 -26 -13 0
100000000000000000 -25 -15 -27 -14 0
100000000000000000 -25 -15 -28 -16 0
100000000000000000 -25 -15 -29 -17 0
100000000000000000 -25 -15 -30 -18 0
100000000000000000 -25 -26 0
100000000000000000 -25 -27 0
100000000000000000 -25 -28 0
100000000000000000 -25 -29 0
100000000000000000 -25 -30 0
100000000000000000 -25 -31 -26 -32 0
100000000000000000 -25 -31 -27 -33 0
100000000000000000 -25 -31 -28 -34 0
100000000000000000 -25 -31 -29 -35 0
100000000000000000 -25 -31 -30 -36 0
100000000000000000 -25 -26 0
100000000000000000 -25 -27 0
100000000000000000 -25 -28 0
100000000000000000 -25 -29 0
100000000000000000 -25 -30 0
100000000000000000 -37 -8 -38 -2 0
100000000000000000 -37 -8 -39 -4 0
100000000000000000 -37 -8 -40 -6 0
100000000000000000 -37 -8 -41 -10 0
100000000000000000 -37 -8 -42 -12 0
100000000000000000 -37 -38 0
100000000000000000 -37 -39 0
100000000000000000 -37 -40 0
100000000000000000 -37 -41 0
100000000000000000 -37 -42 0
100000000000000000 -37 -16 -38 -13 0
100000000000000000 -37 -16 -39 -14 0
100000000000000000 -37 -16 -40 -15 0
100000000000000000 -37 -16 -41 -17 0
100000000000000000 -37 -16 -42 -18 0
100000000000000000 -37 -38 0
100000000000000000 -37 -39 0
100000000000000000 -37 -40 0
100000000000000000 -37 -41 0
100000000000000000 -37 -42 0
100000000000000000 -37 -34 -38 -32 0
100000000000000000 -37 -34 -39 -33 0
100000000000000000 -37 -34 -40 -31 0
100000000000000000 -37 -34 -41 -35 0
100000000000000000 -37 -34 -42 -36 0
100000000000000000 -37 -38 0
100000000000000000 -37 -39 0
100000000000000000 -37 -40 0
100000000000000000 -37 -41 0
100000000000000000 -37 -42 0
100000000000000000 -41 -10 -38 -2 0
100000000000000000 -41 -10 -39 -4 0
100000000000000000 -41 -10 -40 -6 0
100000000000000000 -41 -10 -37 -8 0
100000000000000000 -41 -10 -42 -12 0
100000000000000000 -41 -38 0
100000000000000000 -41 -39 0
100000000000000000 -41 -40 0
100000000000000000 -41 -37 0
100000000000000000 -41 -42 0
100000000000000000 -41 -17 -38 -13 0
100000000000000000 -41 -17 -39 -14 0
100000000000000000 -41 -17 -40 -15 0
100000000000000000 -41 -17 -37 -16 0
100000000000000000 -41 -17 -42 -18 0
100000000000000000 -41 -38 0
100000000000000000 -41 -39 0
100000000000000000 -41 -40 0
100000000000000000 -41 -37 0
100000000000000000 -41 -42 0
100000000000000000 -41 -35 -38 -32 0
100000000000000000 -41 -35 -39 -33 0
100000000000000000 -41 -35 -40 -31 0
100000000000000000 -41 -35 -37 -34 0
100000000000000000 -41 -35 -42 -36 0
100000000000000000 -41 -38 0
100000000000000000 -41 -39 0
100000000000000000 -41 -40 0
100000000000000000 -41 -37 0
100000000000000000 -41 -42 0
100000000000000000 -11 -12 -1 -2 0
100000000000000000 -11 -12 -3 -4 0
100000000000000000 -11 -12 -5 -6 0
100000000000000000 -11 -12 -7 -8 0
100000000000000000 -11 -12 -9 -10 0
100000000000000000 -11 -1 0
100000000000000000 -11 -3 0
100000000000000000 -11 -5 0
100000000000000000 -11 -7 0
100000000000000000 -11 -9 0
100000000000000000 -11 -18 -1 -13 0
100000000000000000 -11 -18 -3 -14 0
100000000000000000 -11 -18 -5 -15 0
100000000000000000 -11 -18 -7 -16 0
100000000000000000 -11 -18 -9 -17 0
100000000000000000 -11 -1 0
100000000000000000 -11 -3 0
100000000000000000 -11 -5 0
100000000000000000 -11 -7 0
100000000000000000 -11 -9 0
100000000000000000 -11 -36 -1 -32 0
100000000000000000 -11 -36 -3 -33 0
100000000000000000 -11 -36 -5 -31 0
100000000000000000 -11 -36 -7 -34 0
100000000000000000 -11 -36 -9 -35 0
100000000000000000 -11 -1 0
100000000000000000 -11 -3 0
100000000000000000 -11 -5 0
100000000000000000 -11 -7 0
100000000000000000 -11 -9 0
100 2 13 0
100 4 14 0
100 6 15 31 0
100 8 16 34 0
100 10 17 35 0
95 12 18 36 0
5 1 0
5 19 0
5 25 0
5 37 0
5 41 0
5 11 0
